time,x,y,z,phi,theta,psi,x_velocity,y_velocity,z_velocity,phi_velocity,theta_velocity,psi_velocity,rotor_speed1,rotor_speed2,rotor_speed3,rotor_speed4
0.06,5.77973788372e-08,4.24647813097e-08,10.0057826173,6.2827753066,6.28310809498,0.0,6.24123426258e-06,-1.56727812696e-05,0.192740352528,-0.0262367047159,-0.00399374930241,0.0,465.72332410665206,465.4109318286428,466.25213575050674,464.19827115209364
0.12000000000000001,3.69389277466e-06,-1.91718203609e-05,10.0256184039,6.28108952233,6.28269785323,0.0,0.000155639644031,-0.000833062661874,0.468379931404,-0.0321018787479,-0.0132367523108,0.0,489.22226445588,488.5337862776459,490.41009929318716,489.9741914121737
0.18,2.45315776002e-05,-0.000115932927807,10.0551255603,6.27912098966,6.28242488341,0.0,0.000585360853131,-0.00257552070257,0.515171113124,-0.0342614464344,0.00878442355917,0.0,419.2965522250429,421.2050801034959,419.6821718495011,419.4942319466421
0.23999999999999996,7.63485931319e-05,-0.000382823107417,10.0939695336,6.27786666155,6.28316849158,0.0,0.00106046336551,-0.00651870413671,0.779484474729,-0.00256702651016,0.0187790591763,0.0,485.90073081465124,486.6491850300797,485.6701130733376,488.04106125175485
0.3,0.000136057430387,-0.000884932695236,10.1438228665,6.27741550365,0.00078816455764,0.0,0.00082780256726,-0.0102463000564,0.882218987955,-0.0199388845817,-0.000362047467737,0.0,438.61660191194085,437.0241819700049,439.7101646399657,438.2689570805697
0.36000000000000004,0.000170564491992,-0.0016136516719,10.19835852,6.27725114367,0.00034218464103,0.0,0.000338699152468,-0.0140967667231,0.935593328447,0.0190150663603,-0.0278897683278,0.0,423.34343400897603,420.96848882605457,421.47572014187375,424.8286270509315
0.4200000000000001,0.000188628556462,-0.00258038299687,10.2579702313,6.27842700658,6.28287333389,0.0,0.000371942965195,-0.0180061714187,1.05136468742,0.0207381753567,0.0106761471078,0.0,441.48759591862853,444.65784132834415,442.40779142991914,442.5495929639349
0.48000000000000015,0.000214951498704,-0.00376931865032,10.3274625675,6.28000290787,0.000792700892714,0.0,0.00039787281118,-0.0214544225264,1.26483565101,0.0355011904251,0.0305794661884,0.0,472.3182282865613,473.8505055419333,471.6355686608252,472.77437646364433
0.5400000000000001,0.000215585105927,-0.00511348546849,10.4062787182,6.2825616856,0.0025096786055,0.0,-0.000557413768335,-0.023109716178,1.36225846294,0.0540621326312,0.0243692364121,0.0,437.6701760931619,437.1532957031663,437.18372387019144,438.7283514964804
0.6000000000000002,0.000121089077966,-0.00650064243357,10.4923288967,0.00227322125012,0.00391678411514,0.0,-0.00274762268721,-0.0227919053388,1.50590203706,0.0330395285771,0.0215508240777,0.0,452.3858865990325,452.15895372544867,453.30024619102574,451.6092176151523
0.6600000000000003,-0.000125180011995,-0.00781646826856,10.584593377,0.00383537093555,0.00530703962003,0.0,-0.00559078301594,-0.0208920431914,1.56949426483,0.00588671188636,0.0262284320982,0.0,428.0635580249099,428.46145783369366,427.8164177382661,425.4985427306018
0.7200000000000003,-0.000566378878197,-0.00899642413363,10.6798333273,0.00467799316674,0.00760863670502,0.0,-0.00930134272864,-0.0183813665537,1.60511989933,0.026735175659,0.0554853834883,0.0,417.07015258112165,419.61820556548633,417.66976588197934,419.4838973471983
0.7800000000000004,-0.00130681048682,-0.00998917944059,10.7806139657,0.00586572527787,0.0112182171537,0.0,-0.0157583400272,-0.0145525498747,1.75401401152,-7.0428023576e-05,0.068164814971,0.0,453.65804496016364,454.677364739721,456.219847079732,454.0746724611529
0.8400000000000004,-0.00253377760022,-0.0107225538996,10.8917016869,0.00696808756626,0.0152788562196,0.0,-0.0256095184134,-0.00981506521318,1.94859255177,0.0411197068703,0.0666845648443,0.0,469.0830418666401,468.971262994257,467.15258904895273,470.35323812619504
0.9000000000000005,-0.00442510396894,-0.0111467575378,11.013097946,0.00973691500426,0.0188549224771,0.0,-0.0378513390798,-0.00403938634567,2.09767847794,0.0546692235977,0.0391018073475,0.0,456.3555065782489,454.15087740002775,455.9517848833138,457.0341011137676
0.9600000000000005,-0.00720098636699,-0.0111183867781,11.1474655953,0.0131147294636,0.0212209918502,0.0,-0.0549716287405,0.00540918384382,2.38068745293,0.0593671030204,0.0400915257742,0.0,495.4900775388291,495.5634358992392,495.5533799842839,495.9003622196438
1.0200000000000005,-0.0108940214555,-0.01054238501,11.2908628563,0.0172034378465,0.0236328488752,0.0,-0.068345348738,0.014137980487,2.39917211765,0.0815814092845,0.0404089032298,0.0,416.1180791077628,416.14681263172616,414.8355025520943,416.7852365509902
1.0800000000000005,-0.0154986001208,-0.00931530978143,11.4380728674,0.0220722194573,0.025735762375,0.0,-0.0853719242877,0.0272641390906,2.50758046232,0.0802623169882,0.02128185281,0.0,446.30520172170617,444.7418866741676,444.9002590609523,444.79756099716167
1.1400000000000006,-0.0211986359371,-0.00716826521637,11.593103118,0.0273444707371,0.0269718284661,0.0,-0.104758383891,0.0448528421546,2.65973484405,0.0998739231008,0.0192037335772,0.0,459.51255790244807,459.34776317921734,458.18198704823726,459.74447062507863
1.2000000000000006,-0.0280141680166,-0.00392288590663,11.7545036762,0.033291628795,0.0283518138797,0.0,-0.122544924493,0.063896168659,2.7201196927,0.0975669244732,0.0296769552009,0.0,430.63847759932474,431.52352991598843,431.4709886642162,431.284955916286
1.2600000000000007,-0.0359899553452,0.000657253733645,11.9217588786,0.0390964414838,0.0299311573023,0.0,-0.143486560734,0.0893880026289,2.85469714426,0.0950555124007,0.0185899221414,0.0,455.75085010211734,454.86396863060446,454.68494973746795,454.4914752244308
1.3200000000000007,-0.0451766544233,0.00678941507618,12.0945215499,0.0448257947867,0.0308514584933,0.0,-0.162830404544,0.115552224139,2.90390576003,0.0963421915654,0.00787960071371,0.0,428.62834946552215,427.7170775445862,429.26479433444547,429.382079182734
1.3800000000000008,-0.0556779649084,0.0148066003976,12.2747038592,0.0504475918548,0.0311652019638,0.0,-0.187244237724,0.152327761299,3.1016181759,0.0878018521097,-0.000683366147641,0.0,475.8814015460762,475.225407080665,474.7080340062662,474.05904167177863
1.4400000000000008,-0.0675758695001,0.0250393492543,12.4643805473,0.0553084530993,0.0306873749567,0.0,-0.209322883711,0.189283221385,3.22057644841,0.0618278903368,-0.0293936934409,0.0,453.1276099412261,450.8137143745472,453.8295881202172,451.7448919753074
1.5000000000000009,-0.0807614168241,0.037548954158,12.6605216417,0.0588142224986,0.0284765564237,0.0,-0.229993434709,0.228055085727,3.31716250137,0.0505819453739,-0.0591045950155,0.0,447.38797437521475,444.96140536531976,446.62475664675765,445.7089065471808
1.560000000000001,-0.0951290169868,0.0524414615808,12.8622307659,0.062127362962,0.0244310154659,0.0,-0.248549661362,0.268665921548,3.40619753003,0.0631694380115,-0.0944888699771,0.0,446.8809594986269,443.98325252674545,442.8975483908436,443.93367856877774
1.620000000000001,-0.110525224156,0.069854747792,13.0695052877,0.0658914336642,0.0190048791032,0.0,-0.264089725377,0.312141598256,3.50264394873,0.0618505739384,-0.0833654711073,0.0,447.4825533384807,448.3803161300835,446.8046900014808,446.6999740376028
1.680000000000001,-0.126719868311,0.0898612491226,13.2811786186,0.0693115203472,0.0141861139121,0.0,-0.275265991574,0.355070215054,3.55295659115,0.0449187555343,-0.07481950062,0.0,432.8014255112402,433.5147275691663,434.25595601682284,432.8355226649069
1.740000000000001,-0.143484872772,0.11245340254,13.4951233265,0.0721253694289,0.00994773590552,0.0,-0.283171597391,0.398245149503,3.57843405231,0.0505860552088,-0.0633754292069,0.0,425.53838521643104,426.51283627542506,425.0199886704987,425.50687795665226
1.8000000000000012,-0.160654767299,0.137737913317,13.7112707294,0.0750358883729,0.00574552371312,0.0,-0.28878550802,0.444839143029,3.62630226541,0.0439931054526,-0.0886912389946,0.0,433.7641400844974,431.6286160870063,433.9161911458098,433.3638396441686
1.8600000000000012,-0.178082321512,0.165971794272,13.9316024749,0.0779707077969,7.06275351128e-05,0.0,-0.291582683755,0.496547161024,3.71776745944,0.0572804795067,-0.110210342905,0.0,448.3796321278138,446.62007209024387,446.78466434656576,447.868175773483
1.9200000000000013,-0.195559291645,0.197223850921,14.1555589753,0.081022290466,6.27646756071,0.0,-0.290371332338,0.545478255046,3.74731936909,0.0331858350122,-0.119750637605,0.0,428.8634063610779,428.04026480636156,429.18758092749846,427.1392033236052
1.9800000000000013,-0.212837677128,0.231444854801,14.3810645836,0.0830962156174,6.26906024696,0.0,-0.284917405853,0.595394780582,3.76943334181,0.0371903722534,-0.132133918444,0.0,426.09582355502573,425.02108524095195,426.5637465465034,426.9061584732785
2.0400000000000014,-0.229650779893,0.268698309386,14.6078890013,0.0853070540045,6.26093699599,0.0,-0.274796220934,0.64657543669,3.7912721286,0.0361523605296,-0.142842295907,0.0,426.63880107498613,425.70555568334396,426.44673246768696,426.3587397344574
2.1000000000000014,-0.245582109421,0.309507498982,14.8412082625,0.0873112919986,6.25271871394,0.0,-0.255293193232,0.713908190353,3.98532267771,0.0272475522977,-0.127263683798,0.0,478.9136656146056,480.0811604608199,480.506081221022,479.8308547833813
2.1600000000000015,-0.260194126462,0.354288448989,15.0848940871,0.0888385714188,6.24507478176,0.0,-0.230953266372,0.77890609723,4.13694485642,0.0216039306696,-0.127670338477,0.0,467.63086744846976,467.58525698495515,470.04676938520413,469.60925516846595
2.2200000000000015,-0.27334932682,0.402608745084,15.3332896978,0.0899578916438,6.23739750763,0.0,-0.206878129592,0.831864147321,4.14283982224,0.0119880824651,-0.128528565959,0.0,423.9654790476801,423.8759029749575,424.76673560132684,423.94119005199303
2.2800000000000016,-0.284821465214,0.454315958592,15.5841749714,0.0903788885378,6.23010875068,0.0,-0.174801935397,0.891728930946,4.21966682548,-0.0054652674975,-0.110194166085,0.0,446.9894935046937,448.4678226120543,447.31557965629514,445.8918129656168
2.3400000000000016,-0.294142992819,0.509755373246,15.8411918156,0.0898332552214,6.22329835659,0.0,-0.135229104981,0.956146785585,4.34703254872,-0.0175728355826,-0.121119342621,0.0,464.00782463813755,463.1383065944702,463.82833636517984,462.8765283194982
2.4000000000000017,-0.301048439006,0.5688853753,16.1040979568,0.0889403752676,6.21640910964,0.0,-0.0942791595657,1.01471665259,4.41619069154,-0.00997907362774,-0.10452797227,0.0,446.52389563593,447.8636311425128,445.636470038221,446.25692289675226
2.4600000000000017,-0.305366648991,0.631505583155,16.3710976595,0.0882712874248,6.20996116685,0.0,-0.0490594229435,1.07251934792,4.48348095387,-0.0136058433124,-0.114099043559,0.0,447.14717726590186,446.3565586120859,446.7055133105081,446.40976208590126
2.520000000000002,-0.306715007952,0.697726542428,16.6438237547,0.0877399834893,6.20331014236,0.0,0.00479065904354,1.1347111896,4.60682753748,-0.000734078002277,-0.105042104116,0.0,464.05339604831914,464.7535221780507,464.391273393547,465.400051765883
2.580000000000002,-0.30441893341,0.767960718869,16.9272841839,0.0878922116786,6.19724332557,0.0,0.0724205649025,1.20632700708,4.84079182323,0.00838680155149,-0.0942355890531,0.0,497.9197731746205,498.7021108910692,497.6755807092464,498.34274261201
2.640000000000002,-0.298355640584,0.842052200464,17.2197654943,0.0882086364423,6.19223231097,0.0,0.130178497772,1.26338167958,4.90821360114,-0.00182104273169,-0.0678798273263,0.0,449.6173205892169,451.74189176288894,451.31377002872404,450.4889234070851
2.700000000000002,-0.288637743354,0.919657577719,17.5173056841,0.0882745801115,6.18775181216,0.0,0.194143539351,1.32339936585,5.00927328177,0.00637933777886,-0.0938950580148,0.0,463.0099259385613,460.9539466641243,461.6027050730842,462.24944040572916
2.760000000000002,-0.274771582824,1.00105473868,17.8230683802,0.0884096477864,6.18166068176,0.0,0.268639138361,1.38977446177,5.18193156503,-0.00764503145005,-0.124612388785,0.0,485.3829998192102,483.0633914490656,485.09644533427985,484.0420267304946
2.820000000000002,-0.256614388197,1.08614978213,18.1360230055,0.0879943895942,6.1742650133,0.0,0.337291212713,1.44662660702,5.2494658449,-0.00551075790275,-0.120689512962,0.0,454.6407235932597,454.9415742783756,454.2133200795329,454.38458781268577
2.880000000000002,-0.234312841629,1.17454717176,18.4519317315,0.0873330893603,6.16723369365,0.0,0.406731563959,1.49986620227,5.28056616517,-0.0253100985374,-0.110978925871,0.0,443.02027650002765,443.80572666960086,445.32969994994295,443.70703530161416
2.940000000000002,-0.207796375555,1.26605660701,18.76900388,0.0858123505374,6.16034643219,0.0,0.477742920895,1.55027640794,5.28836606455,-0.0254168295623,-0.123758169185,0.0,438.1350206569898,437.0589565218879,436.44097635641197,436.4319431084834
3.000000000000002,-0.177223955387,1.36033034566,19.0838874367,0.0840709030661,6.1529982025,0.0,0.541939970584,1.59205639987,5.20802590503,-0.0374424541637,-0.120014445965,0.0,408.5325340216384,408.8512535183413,407.37642999819997,406.2991250402102
3.0600000000000023,-0.141726365682,1.45768424155,19.4011938003,0.081877719234,6.14686902592,0.0,0.641933913904,1.65272407398,5.36797020532,-0.0348314865204,-0.0798774995763,0.0,482.31023311511393,485.32350329465413,483.40301500682597,483.5992593476233
3.1200000000000023,-0.100509735506,1.5583803996,19.7251161303,0.0801207560238,6.14174672491,0.0,0.73238167879,1.70356923206,5.4290361221,-0.0200160224602,-0.0995890664703,0.0,456.8181112270284,455.2373288712599,454.4652901229063,455.65117163476475
3.1800000000000024,-0.0537322788814,1.66210670016,20.0529074941,0.0784643802681,6.13702602643,0.0,0.827314480284,1.75377813775,5.49688102914,-0.0505552809307,-0.0541116573846,0.0,456.1976338938027,459.80947265356025,460.24111493474953,457.8168932133907
3.2400000000000024,-0.00131589302932,1.76872508306,20.3838064508,0.0757301375283,6.13448047972,0.0,0.920124462867,1.79984902744,5.5328271707,-0.0371107096938,-0.0257587877958,0.0,449.21631037639753,451.50881980393507,447.9656897478627,449.05657638586206
3.3000000000000025,0.0558785057831,1.87763446587,20.7113252569,0.0732207176459,6.13281207684,0.0,0.986558463215,1.83032917843,5.38513412229,-0.0534790715315,-0.0322533602641,0.0,387.7937242324376,387.18270999063105,388.52107512439636,386.9816996888333
3.3600000000000025,0.118160857087,1.98884637462,21.0370730154,0.0697074194043,6.13100796515,0.0,1.08962723259,1.87632929808,5.4726332004,-0.0713685579199,-0.0260230501819,0.0,464.17396733961783,464.6624724987233,465.51745352831983,464.1129173904228
3.4200000000000026,0.186279295524,2.10256416561,21.3655898008,0.065251685724,6.12908100203,0.0,1.18111746947,1.91383594918,5.47785495516,-0.0807848801928,-0.0485145397888,0.0,440.07206392680115,438.2055263447617,440.7673025675015,439.9838562983474
3.4800000000000026,0.260056051774,2.21849744493,21.6952631538,0.0603605162513,6.12599691821,0.0,1.27834018838,1.95010298803,5.5110293147,-0.0830297634409,-0.0579081578369,0.0,449.5336393511306,448.7699746976788,448.6868388474294,448.4992047070754
3.5400000000000027,0.33977612861,2.33652614555,22.0272533588,0.0551346094527,6.12250846498,0.0,1.37926724451,1.98365204654,5.55501718604,-0.0968125604247,-0.0586102559678,0.0,452.32907880899404,452.2702439240571,453.8043411185351,452.69021980505846
3.6000000000000028,0.425313412694,2.45635681205,22.3600229824,0.0488437135772,6.11887124872,0.0,1.47227147277,2.01015785451,5.53732890813,-0.130176735513,-0.0649760980489,0.0,434.1071423468984,433.5698104781791,434.7538322938725,431.93803005231996
3.660000000000003,0.516389210666,2.57762502604,22.6911142946,0.0409238409997,6.11504060434,0.0,1.56391458238,2.03143227881,5.4991902287,-0.135909918003,-0.0616720470065,0.0,427.2388876673108,427.5174045363888,426.38832056192496,425.8812777799524
3.720000000000003,0.614258816595,2.70031454214,23.0271647316,0.0331756299085,6.11195601414,0.0,1.69859521312,2.05720011167,5.70139922385,-0.118213021327,-0.0362692311529,0.0,499.2569520326074,501.10568937363576,499.7672875011231,501.04228646471006
3.780000000000003,0.719692736494,2.82425434492,23.3720035114,0.0261549739601,6.11018776976,0.0,1.81595022593,2.07335772621,5.79270364355,-0.114711154201,-0.0185054062821,0.0,468.8016794037319,470.1799217214787,470.11754128511075,470.3774023124152
3.840000000000003,0.831914314103,2.94897399211,23.7207188643,0.0201188960392,6.10954529681,0.0,1.92477443092,2.08333021412,5.83090647693,-0.0815588517928,0.001538919605,0.0,453.5409952271771,455.148455748701,453.45327588160586,456.1000805206245
3.900000000000003,0.950273211196,3.0741346015,24.0694826469,0.0153934458845,6.10944665838,0.0,2.02051096476,2.08827273963,5.79471301033,-0.0736758609186,-0.00892223216169,0.0,431.871527843981,430.9881003831892,430.4908833617173,431.1523534421961
3.960000000000003,1.0752014831,3.19957844687,24.420798498,0.0106215207031,6.1089351052,0.0,2.14365789242,2.09267614344,5.91512020424,-0.0950388455833,-0.00774473017296,0.0,479.5359491873432,479.625529212731,480.8397773322649,479.21358219720986
4.020000000000002,1.20671988512,3.32513109001,24.7747921348,0.00458850711232,6.10867255141,0.0,2.24029726484,2.0919022125,5.88480085041,-0.114824550798,0.00162975761333,0.0,434.32184902979776,435.1076376143646,434.58326246466623,432.9119925711845
4.080000000000001,1.34471181375,3.45053946835,25.1308376463,6.28063462218,6.10923575693,0.0,2.35924923927,2.08763258138,5.98284308313,-0.128968478423,0.021583253149,0.0,473.4819150493723,475.01473830472924,474.7123344853882,473.6136396591805
4.14,1.48868752083,3.57556037964,25.4863483785,6.27248773366,6.11084566446,0.0,2.43989059219,2.07914153798,5.86816603263,-0.1550613046,0.035673140659,0.0,406.2365497726728,407.49857169585476,407.28470803304725,404.9240450886699
4.199999999999998,1.63897400849,3.69983798316,25.8436729961,6.26367555428,6.11274319253,0.0,2.56920454154,2.06240401176,6.04175965986,-0.134148049758,0.021966001495,0.0,496.8763555505386,495.8705013241388,495.07783388360644,496.59639227363044
4.259999999999997,1.79575251994,3.82305585507,26.2043582796,6.25550755067,6.11420291318,0.0,2.65663047063,2.04418967717,5.98143917463,-0.140428031942,0.0286780494576,0.0,426.01191109537666,426.5856948038965,425.34498796558137,424.7885937402617
4.319999999999996,1.95800728449,3.94499909074,26.5630026614,6.24703628075,6.11561313088,0.0,2.75166498557,2.01983183378,5.97344363337,-0.142750581292,0.0103597496942,0.0,442.5439407916969,441.03326116340287,442.48355249904756,442.2736107157152
4.379999999999995,2.12568007357,4.06538352167,26.9197005923,6.23818192043,6.11688564718,0.0,2.83733260427,1.99226427455,5.91680776395,-0.159556810032,0.0369935779336,0.0,425.1743136223756,427.450649960914,426.3998883950889,424.93960432602876
4.439999999999993,2.29902878556,4.18380476392,27.2764323558,6.22825536435,6.11903629593,0.0,2.94062278691,1.95417161079,5.97397656882,-0.181040545722,0.033440609805,0.0,461.6809210303644,461.40096376067225,462.9249559692914,461.20550238069114
4.499999999999992,2.47763001304,4.30004409994,27.6312349892,6.21757799863,6.1217198584,0.0,3.01261701431,1.91966202666,5.85348025212,-0.172415717054,0.0609741256993,0.0,403.4159931868587,405.8964342074022,402.7992717016517,403.54453827545814
4.559999999999991,2.6611489399,4.4137869106,27.9828497398,6.20703224796,6.12521247424,0.0,3.10426562276,1.87081790333,5.86699852264,-0.183462088894,0.052016378947,0.0,447.63096696565754,446.9035782792967,447.63792950094063,446.70822478961907
4.6199999999999894,2.84979916142,4.52454483538,28.3334687708,6.19634638438,6.1279842501,0.0,3.18379126682,1.82020580169,5.82058966034,-0.169101844413,0.0308143273601,0.0,428.0745742623355,426.2674566504028,427.7282873315594,428.91768669357185
4.679999999999988,3.0431348608,4.63210773625,28.6811303165,6.18599811189,6.12995873301,0.0,3.26054004171,1.76437978949,5.76840488917,-0.180231411417,0.0367964762656,0.0,425.0230189463764,425.5359956726655,425.6746957364859,424.6907870060001
4.739999999999987,3.24103327208,4.73614667407,29.025709701,6.17515330414,6.13218455861,0.0,3.33585161865,1.70269025465,5.71783581831,-0.181796387712,0.0376915096512,0.0,425.69483767612513,425.7721414790701,424.6787685293901,424.5112173451685
4.799999999999986,3.44437116544,4.83560416349,29.3736366356,6.16487217093,6.13435576019,0.0,3.44161303285,1.61148472476,5.87883912873,-0.156023876718,0.0329938485894,0.0,490.9283297935171,490.58003332513886,489.52292360374196,491.4115650320679
4.859999999999984,3.65347521294,4.92977531508,29.7278079184,6.15542211754,6.13657746437,0.0,3.52819091694,1.52671169174,5.92656959887,-0.160627513473,0.0440729300668,0.0,457.51371517561256,458.3957300874869,458.83886158897604,458.4504711299596
4.919999999999983,3.86684248759,5.01944290061,30.0789882177,6.14563486633,6.13913407763,0.0,3.5838993428,1.4614853182,5.7802004008,-0.168634493365,0.0395123653277,0.0,393.53661617925894,393.1153887470835,394.64413527667847,393.87501716662587
4.979999999999982,4.08502522015,5.10360381028,30.4318300547,6.13502752587,6.14111892622,0.0,3.68834605852,1.34284584513,5.98003488403,-0.202779585398,0.0153590075534,0.0,502.6852138176236,500.93187760155644,505.0174277463595,502.5208342590888
5.0399999999999805,4.30818397425,5.18167905984,30.7881229134,6.12286789484,6.14282495469,0.0,3.75014711585,1.25869694843,5.89674960277,-0.202423842447,0.0464994721443,0.0,415.4517121470935,418.1741033369289,417.18327335986436,417.17112024416474
